304 227 060 038
304 227 064 037
304 227 063 034
304 227 063 034
304 227 061 033
304 227 062 034
304 227 058 031
304 227 062 280
304 227 058 031
304 227 058 028
304 227 055 029
304 227 057 276
304 227 056 028
304 227 055 028
304 227 054 280
304 227 049 028
304 227 053 029
304 227 054 025
304 227 049 030
304 227 044 029
304 227 051 027
304 227 050 027
304 227 058 279
304 227 053 030
304 227 050 026
304 227 049 025
304 227 050 031
304 227 051 279
304 227 054 278
304 227 051 279
304 227 054 027
304 227 050 026
304 227 051 030
304 227 050 030
304 227 052 280
304 227 049 027
304 227 049 027
304 227 048 026
304 227 050 025
304 227 055 029
304 227 048 027
304 227 051 279
304 227 055 026
304 227 048 025
304 227 049 025
304 227 046 280
304 227 048 026
304 227 050 280
304 227 047 027
304 227 047 278
304 227 050 279
304 227 050 280
304 227 050 025
304 227 050 029
304 227 050 026
304 227 051 279
304 227 055 026
304 227 048 027
304 227 051 277
304 227 049 027
304 227 049 029
304 227 047 280
304 227 054 025
304 227 051 027
304 227 049 278
304 227 045 026
304 227 051 025
304 227 050 280
304 227 053 280
304 227 051 026
304 227 049 031
304 227 048 026
304 2271 030
304 227 046 031
304 227 050 025
304 227 050 026
304 227 053 025
304 227 050 025
304 227 049 028
304 227 038 027
304 227 051 025
304 227 048 280
304 227 056 280
304 227 051 026
304 227 048 025
304 227 051 280
304 227 057 279
304 227 049 030
304 227 049 025
304 227 053 278
304 227 048 026
304 227 050 025
304 227 046 028
304 227 048 025
304 227 047 027
304 227 050 0274 227 050 278
304 227 049 027
304 227 052 025
304 227 049 026
304 227 050 032
304 227 047 026
304 227 052 026
304 227 051 277
304 227 048 280
304 227 051 028
304 227 049 028
304 227 047 028
304 227 049 279
304 227 053 027
304 227 051 279
304 227 048 279
304 227 052 025
304 227 047 027
304 227 046 025
304 227 051 026
304 227 049 026
304 227 052 026
304 227 055 277
304 227 052 027
304 227 047 025
304 227 049 026
304 227 047 031
304 227 048 028
304 227 051 280
304 227 050 279
304 227 053 027
304 227 050 029
304 227 049 025
304 227 052 025
304 227 048 278
304 227 050 026
304 227 050 027
304 227 047 279
304 227 050 030
304 227 051 025
304 227 053 025
304 227 052 025
304 227 053 280
304 227 05  028
304 227 051 280
304 227 045 031
304 227 040 030
304 227 048 030
304 227 048 032
304 227 050 032
304 034 099 108
304 034 099 108
304 034 100 108
304 034 099 108
304 033 100 108
304 035 099 107
304 033 100 108
304 227 096 098
304 033 100 106
304 034 098 107
304 033 100 107
304 033 100 107
304 034 099 108
304 034 099 107
304 034 100 107
304 034 099 107
304 034 100 108
304 035 099 108
304 034 100 107
304 034 099 108
304 033 100 107
304 033 100 107
304 033 099 108
304 035 099 107
304 033 100 107
304 034 099 108
304 034 100 108
304 034 100 108
304 033 100 107
304 035 099 107
304 033 100 107
304 034 100 108
304 034 099 107
304 033 099 107
304 034 099 107
304 035 101 108
304 034 100 107
304 034 100 108
304 034 100 107
304 034 100 107
304 034 099 107
304 035 100 107
304 034 100 108
304 034 100 107
304 035 099 107
304 034 100 107
304 034 099 107
304 034 100 107
304 034 100 107
304 033 099 107
304 034 100 107
304 034 099 108
304 034 099 107
304 034 100 108
304 034 100 108
304 034 099 107
304 034 099 107
304 033 099 107
304 033 100 107
304 034 099 108
304 034 100 108
304 033 099 107
304 034 099 108
304 034 100 108
304 034 101 107
304 033 100 107
304 035 100 107
304 033 099 107
304 034 100 108
304 034 099 107
304 034 099 107
304 033 100 108
304 033 099 108
304 033 099 108
304 034 100 107
304 034 100 107
304 033 101 107
304 034 099 108
304 033 099 107
304 033 099 107
304 035 100 107
304 033 099 108
304 035 100 108
304 034 100 107
304 034 099 107
304 033 099 108
304 033 100 107
304 033 099 107
304 035 100 108
304 034 100 107
304 034 100 107
304 033 099 107
304 034 099 108
304 034 099 107
304 035 100 108
304 034 100 107
304 034 099 107
304 034 099 107
304 034 099 107
304 035 099 107
304 035 100 108
304 033 099 108
304 033 099 107
304 034 100 108
304 033 099 107
304 035 099 107
304 034 100 108
304 035 099 107
304 034 099 107
304 035 099 107
304 034 100 108
304 034 100 107
304 033 099 107
304 034 100 107
304 033 099 108
304 033 099 107
304 034 100 108
304 033 100 107
304 033 100 107
304 035 099 108
304 034 099 107
304 034 100 107
304 034 100 107
304 034 099 108
304 034 099 107
304 033 099 107
304 034 100 108
304 033 100 107
304 034 101 108
304 033 099 107
304 034 099 107
304 034 099 108
304 034 100 107
304 033 099 108
304 034 100 108
304 034 098 108
304 034 099 107
304 035 099 107
304 033 100 108
304 034 100 108
304 034 099 108
304 034 099 107
304 033 099 107
304 033 100 107
304 034 100 108
304 034 099 108
304 033 098 107
304 035 100 107
304 033 099 107
304 035 100 107
304 034 099 108
304 034 100 107
304 034 099 108
304 034 100 107
304 034 100 107
304 034 099 107
304 033 099 108