403 160 087 100
403 160 086 100
403 160 086 101
403 159 085 100
403 159 087 100
403 160 086 100
403 160 087 100
403 160 086 100
403 158 087 100
403 159 086 100
403 159 087 100
403 160 086 100
403 160 086 100
403 160 086 101
403 159 087 100
403 159 086 100
403 160 086 100
403 160 086 100
403 159 086 100
403 159 086 100
403 160 087 101
403 160 087 100
403 159 086 099
403 160 085 101
403 159 087 100
403 160 086 100
403 159 088 100
403 159 087 100
403 160 086 100
403 159 085 100
403 159 086 100
403 160 086 100
403 159 086 100
403 160 087 100
403 159 086 100
403 227 079 02
403 227 063 071
403 227 079 076
403 227 077 077
403 227 078 080
403 227 083 079
403 227 086 080
403 227 087 085
403 227 086 084
403 227 087 084
403 227 085 084
403 227 086 082
403 227 092 084
403 227 089 084
403 227 081 082
403 227 086 080
403 227 088 087
403 227 093 077
4 227 0885
43 228481
403 227 089 085
403 227 110 070
403 227 091 0824 1097
403 127 098 093
403 085 120 105
403 070 116 103 062 110 095
40361 094 09 101
403 068 103 102
403 064 113 101
403 066 111 102
403 075 100 103
403 074 121 095
403 071 110 098
403 071 117 094
403 07207 097
403 076 115 100
403 077 1401
403 07937206
473 090180203 070 101
40 08702 102
403 089 103 103
403 088 102 103
403 088 104 102
403 090 102 102
403 090 09803
403 087 102 104
403 089 104 103
403 090 19 0 1 131 112 09 1
4033
403 093 100 103
403 093 102 103
403 094 102 103
403 093 100 104
403 093 100 104
403 093 098 104
403 093 101303 0400 103 094 101 103
403 094 099 104
403 094 101 104
403 094 098 103
403 094 102 104
403 095 099 103
403 094 100 104
40 090 1303 095 1001003 095 09 10 099 14
403 094 099 103
403 0